56.1554
85.3106
98.7277
99.8524
98.6345
90.3421
100
100
98.7585
98.4998
89.9081
80.3638
78.2409
91.6139
98.8434
94.246
79.9218
57.6219
57.2541
87.0222
96.5483
97.4609
94.1405
83.9292
100
100
93.5123
94.1476
84.7903
75.6543
67.8983
84.6033
94.1381
92.4781
81.2224
61.1713
53.7496
80.0165
97.0691
99.4278
97.6255
87.2515
100
100
97.843
97.0527
87.2719
77.8802
80.3982
92.0036
98.1338
87.2368
70.0782
48.8152
59.4573
82.0037
95.2298
97.547
93.8657
83.2099
100
100
89.6494
92.6391
82.5228
72.8684
62.1718
79.2711
90.9306
86.0834
70.2071
47.7323
52.7203
81.2537
95.3742
98.7209
96.1757
89.9539
100
100
91.2154
97.0939
86.4199
75.8136
75.4482
89.9652
97.2597
93.3453
77.8743
51.1248
65.4931
88.2261
96.6158
97.8781
95.638
87.4309
100
100
93.0522
93.5196
83.7324
73.7537
65.1718
81.9255
93.6729
87.7681
71.7914
48.0989
70.5561
87.4168
93.1164
96.5772
93.4066
87.1136
100
99.9362
90.7888
90.7314
81.2491
72.0653
72.0032
84.7518
92.1456
88.4109
76.5174
55.1246
60.7231
78.1082
97.2091
99.9711
99.7433
96.4503
100
100
99.9852
99.9663
99.5131
93.3238
86.918
96.8332
99.9812
98.8203
86.2021
66.5395
60.8326
81.5615
92.4792
98.434
95.341
86.1139
100
100
91.2359
92.7926
81.7369
71.1694
77.2522
90.0522
97.0421
82.7668
64.739
42.9283
58.4915
80.2482
90.9759
96.6768
92.8416
85.0898
100
99.6039
81.5186
89.4654
77.2937
65.8283
77.0105
88.6065
95.6569
82.8131
63.8454
37.6568
43.2668
68.1323
88.8706
97.7355
94.1277
83.4723
100
100
84.4803
92.0583
80.9047
70.1347
68.4385
84.1496
94.3013
85.3815
68.0383
42.3606
55.5152
77.9155
89.6614
96.5247
93.1219
84.1366
100
99.552
84.9937
88.8085
76.2523
64.4722
72.4615
86.2071
95.08
71.2462
51.2981
28.1897
